   2.6357190e+00   2.1044296e+00
   3.8982882e+00   1.5718549e+00
   3.9683438e+00   3.2750468e+00
   3.0566274e+00   1.6856948e-01
   2.9153335e+00   1.8188021e+00
   3.8720104e+00   2.1145756e+00
   1.1963447e+00   1.2776424e+00
   3.0337401e+00   2.1120028e+00
   3.0691386e+00   3.6612675e+00
   3.3655868e+00   9.4961121e-01
   2.1151403e+00   1.6491185e+00
   1.5898246e+00   5.8091946e-01
   3.6162039e-01   2.7279375e+00
   3.5451017e+00   7.9394537e-01
   4.0780063e+00   1.1418058e+00
   2.5556696e+00   3.4229533e+00
   5.3793270e+00   2.8234203e+00
   2.3590246e+00   1.2440298e+00
   1.6887184e+00   3.0165431e+00
   2.8543119e+00   1.3409039e+00
   3.1057850e+00   2.1060274e+00
   3.6823523e+00   3.8343668e+00
   3.1210398e+00   4.2571633e+00
   2.2363789e+00   1.5568481e+00
   1.4769769e+00   1.9699890e+00
   2.4133071e+00   3.0390907e+00
   1.6362561e+00   2.6075119e+00
   3.7235948e+00   1.7669782e+00
   2.8963724e+00   1.7905302e+00
   1.1469942e+00   1.2159715e+00
   3.3655947e+00  -2.7198044e-01
   2.0775919e+00   1.8433483e+00
   4.3503775e+00   8.0213139e-01
   3.0521979e+00   1.7720596e+00
   3.2292333e+00   4.4682994e+00
   2.2126207e+00   2.0338860e+00
   3.5230164e+00   3.5095277e+00
   3.0649030e+00   8.8928553e-01
   3.2161671e+00   3.2755727e+00
   2.6797266e+00   3.2638579e-01
   3.6433800e+00   1.7200738e+00
   5.6079386e-01   2.2907535e+00
   3.1656803e+00   2.6201027e+00
   4.0482066e+00   1.8757377e+00
   2.8093334e+00   9.1777623e-01
   3.5781336e+00   7.8232379e-01
   2.4045047e+00   1.2778426e+00
   3.1727482e+00   9.8083384e-01
   2.4160231e+00   1.4209139e+00
   4.1450259e+00   1.0494763e+00
   3.4699428e+00   3.2420574e+00
   4.3759268e+00   2.2699157e+00
   2.9582401e+00   2.2834672e+00
   2.9406908e+00   1.1610160e+00
   3.3133041e+00   2.2768116e+00
   4.4483907e+00   2.3230122e+00
   6.0985215e-01   1.0639508e+00
   1.3234460e+00   8.1082625e-01
   4.2667532e+00   6.5064516e-02
   4.8935345e+00   2.8727933e+00
   2.7952262e+00   9.8785167e-01
   4.3538134e+00   2.0467379e+00
   5.1701933e+00   2.0831109e+00
   3.1896960e+00   2.0912163e+00
   2.5444730e+00   1.3617955e+00
   2.5228060e+00   1.7736485e+00
   2.7438705e+00   1.6930853e+00
   3.7986739e+00   3.3495709e+00
   2.8293528e+00   8.4381644e-01
   5.0373091e+00   1.7940879e+00
   2.6603188e+00   3.0664022e+00
   2.2841440e+00   2.4210680e+00
   3.5445197e+00   9.1179064e-01
   3.2353109e+00   2.7931515e+00
   3.4625263e+00  -7.0183598e-01
   9.0612364e-01   1.5074102e+00
   2.8499975e+00   3.5677471e+00
   1.1664745e+00   2.4984607e+00
   3.1853388e+00   2.7916083e+00
   3.7649891e+00   1.9070469e+00
   4.1795790e+00   1.6197836e+00
   3.7529678e+00   2.6959164e+00
   3.4840775e+00   4.3170597e+00
   3.7754376e+00   1.7316009e+00
   2.9433387e+00   3.4370207e+00
   2.9614986e+00   1.4606974e+00
   4.0204475e+00   1.5699282e+00
   4.0872839e+00   2.6507353e+00
   2.5291698e+00   1.0979474e+00
   1.2027203e+00   2.9422757e+00
   7.0467731e-01   3.1673348e-01
   1.3774214e+00  -4.2074838e-01
   1.9999281e+00   1.8410789e+00
   3.4471176e+00   2.3288819e+00
   2.2241591e+00   3.2754036e+00
   2.9146656e+00   2.1196683e+00
   3.3693910e+00   2.9544292e+00
   1.6137891e+00   2.2405603e+00
   2.1497502e+00   2.6794965e+00
   2.2506184e+00   1.0312298e+00
   2.1982106e+00   1.9235929e+00
   2.5607506e+00   1.4022101e+00
   3.7871795e+00   1.7630107e+00
   2.4925290e+00   4.2966503e+00
   3.6943105e+00   5.9584390e-01
   3.3403270e+00   2.0341771e+00
   3.1918558e+00   1.6790993e+00
   3.9750324e+00   2.3793827e+00
   5.1401609e+00   3.7926789e+00
   4.4673328e+00   2.9123147e+00
   1.4159662e+00   1.3430862e+00
   3.5299119e+00   5.6623358e-01
   1.7531557e+00   2.8479931e+00
   9.8920369e-01   1.0078821e+00
   1.7892911e+00   1.2847370e+00
   8.1808782e-01   2.4653500e+00
   1.8687250e+00   4.7755168e-01
   4.3542969e+00   3.5562474e+00
   2.5235130e+00   2.1028213e+00
   5.6807219e+00   1.7659107e+00
   3.3908171e+00   2.8078247e+00
   4.0039973e+00   2.8062131e+00
   2.8540061e+00   1.7508291e+00
   2.7204217e+00   3.1023330e+00
   2.2166320e+00   2.3673113e+00
   3.1608165e+00   3.1000027e+00
   1.5170647e+00   2.2634748e+00
   2.1499335e+00   1.8089072e+00
   1.9307754e+00   3.7487458e+00
   3.1683383e+00   1.2167940e+00
   4.5159018e+00   2.6330846e+00
   5.1575289e+00   4.0223895e+00
   1.2442978e+00   1.5866518e+00
   3.3467473e+00   2.6346359e+00
   2.3458985e+00   2.3195529e+00
   1.9185219e+00   1.6517543e+00
   3.1033802e+00   1.9964458e+00
   2.5281356e+00   2.6177848e+00
   3.0511188e+00   4.3284795e+00
   3.7685058e+00   2.8864279e+00
   2.0645195e+00   1.7559145e+00
   2.8472894e+00   2.6877983e-02
   1.2996428e+00   2.2490601e+00
   2.6167475e+00   2.2609775e+00
   3.9888518e+00   1.2085193e+00
   1.2543016e+00   3.0093333e+00
   3.3908510e+00   2.3908727e+00
   1.6480000e+00   2.5869004e+00
   3.2189943e+00   1.5138133e+00
   2.5497083e+00   1.3161456e+00
   2.7214713e+00   1.5325752e+00
   1.3961112e+00   8.8941943e-01
   2.0889314e+00   1.4774591e+00
   2.8069787e+00   2.7268424e+00
   3.0716789e+00  -2.5534675e-01
   2.8086866e+00   2.2802761e-01
   2.3587704e+00   2.0265899e+00
   4.3285547e+00   2.3284930e+00
   2.8055366e+00   1.0511701e+00
   2.2241031e+00   2.5364422e+00
   2.2413529e+00   3.2590219e+00
   2.9244013e+00   2.6837428e+00
   3.9290042e+00   4.3660535e-01
   2.5754325e+00   1.2694363e+00
   3.8715656e+00   1.1461893e+00
   3.2265245e+00   1.6612472e+00
   2.4366740e+00   1.3287154e+00
   2.1827778e+00   1.1583854e+00
   3.1773440e+00   3.9099134e+00
   2.8966730e+00   1.6670308e+00
   2.0950094e+00   1.8475735e+00
   2.2056574e+00   2.2863623e+00
   3.5391282e+00   2.6777801e-01
   3.5216639e+00   8.5836694e-01
   2.6885996e+00   2.4698648e+00
   3.8261277e+00   2.3513897e+00
   2.6500593e+00   8.3898164e-01
   2.8844973e+00   3.1256580e+00
   4.2348217e+00   1.9332609e+00
   2.4600790e+00   2.1416906e+00
   9.5704458e-01   2.1092837e+00
   1.7111198e+00   1.4500275e+00
   3.2908488e+00   1.6871891e-01
   2.7842078e+00   1.8691231e+00
   5.7513403e+00   4.3502897e-01
   1.5849234e+00   1.8353333e+00
   2.7561310e+00   2.2073465e+00
   3.0402507e+00   2.1979622e+00
   1.6261706e+00   6.1372808e-01
   4.0791873e+00   2.3666000e+00
   3.7439312e+00   7.8953390e-01
   4.5428607e+00   2.2516725e+00
   3.6875221e+00   2.6032013e+00
  -5.5016830e-01   3.5984059e+00
   2.0329468e+00  -5.0804188e-02
   3.3117904e+00   2.8292622e+00
   2.1849311e+00   1.8378449e+00
   3.2833705e+00   1.9246899e+00
   2.9337621e+00   1.4375958e+00
   2.4525032e+00   2.2341547e+00
   3.0680562e+00   1.7413815e+00
   3.5129737e+00   1.3812366e+00
   4.1430961e+00   1.4613943e+00
   2.1060549e+00   2.6162819e+00
   2.4282276e+00   2.4916271e+00
   2.2793570e+00   3.1006199e+00
   3.8478960e+00   2.3629446e+00
   4.5726269e+00   1.8541059e+00
   4.0557210e+00   8.6162836e-01
   4.3410138e+00   2.3147839e+00
   3.2492754e+00   1.6934149e+00
   2.1982942e+00   2.2215153e+00
   3.6797479e+00   2.8745796e+00
   4.7263798e+00   1.5071525e+00
   3.5060595e+00   1.5177396e+00
   3.9292115e+00   1.7408066e+00
   1.4565022e+00   2.2125963e+00
   3.5710559e+00   4.0369371e+00
   2.8460780e+00   1.1271052e+00
   3.5533286e+00   3.3399269e+00
   4.2767843e+00   1.7845676e+00
   2.3605876e+00   2.8978963e+00
   4.5059348e+00   2.0597068e+00
   2.0566064e+00   1.4657882e+00
   3.0408317e+00   1.7408003e+00
   3.3069556e+00   2.9588741e+00
   4.0668231e+00   3.2667856e+00
   2.6768537e+00   2.9610216e+00
   2.0641259e+00   1.4362386e+00
   4.4166141e+00   7.1117610e-01
   3.3626429e+00   2.4008677e+00
   1.0863221e+00   2.5279803e+00
   3.3199224e+00  -5.1255074e-01
   1.2994132e+00   2.0242309e+00
   3.7909160e+00   4.0955601e+00
   4.3871666e+00   1.8115634e+00
   2.8172221e+00   1.3558079e+00
   2.0916066e+00   9.9223343e-01
   4.2269298e+00   1.8904024e-01
   2.4892967e+00   1.5105600e+00
   2.1815280e+00   2.3014288e+00
   1.7382295e+00   1.0160928e+00
   1.5323520e+00   2.2534662e+00
   3.2757792e+00   2.7879684e+00
   2.6682537e+00   1.4067041e+00
   3.7884844e+00   2.4922037e+00
   2.9433060e+00   2.5654847e+00
   2.7903135e+00   1.9571945e+00
   1.2785345e+00   3.9564485e+00
   2.2245361e+00   7.2779781e-01
   4.2750661e+00   7.1981044e+00
   3.0732559e+00   7.1968387e+00
   3.2782382e+00   5.9026235e+00
   4.4409739e+00   6.6143474e+00
   5.0928945e+00   4.7813989e+00
   4.1701031e+00   6.5718738e+00
   5.3048498e+00   5.8716900e+00
   3.0698687e+00   7.6085180e+00
   4.3381581e+00   5.0429269e+00
   3.4691061e+00   8.0115092e+00
   3.2426432e+00   6.0200849e+00
   1.3684400e+00   6.4455078e+00
   4.7601821e+00   7.4495293e+00
   5.8748503e+00   7.1029503e+00
   4.4996406e+00   5.1241364e+00
   5.3763231e+00   5.0847606e+00
   4.0589804e+00   5.0851780e+00
   2.7695804e+00   7.0747503e+00
   3.1275283e+00   5.8643019e+00
   3.1973341e+00   5.5552891e+00
   5.1023762e+00   6.0825170e+00
   3.5196386e+00   7.0357681e+00
   4.0914423e+00   5.8411103e+00
   2.6668514e+00   6.3092822e+00
   3.8169351e+00   3.6845951e+00
   2.3741332e+00   5.3324161e+00
   3.2975765e+00   4.9334148e+00
   4.7594923e+00   5.3608440e+00
   5.7096535e+00   5.2380323e+00
   4.4854412e+00   5.5778942e+00
   4.0972382e+00   5.5086719e+00
   5.0732611e+00   6.6577453e+00
   4.7280195e+00   7.4360830e+00
   1.5511293e+00   4.4649670e+00
   2.2084334e+00   7.7528445e+00
   3.1666444e+00   7.2830509e+00
   3.1263915e+00   6.0936424e+00
   2.3997694e+00   7.5800988e+00
   3.3217463e+00   6.2447837e+00
   3.0688235e+00   4.9797456e+00
   5.1002216e+00   7.1278407e+00
   3.3900247e+00   8.2324687e+00
   2.7239838e+00   5.2257529e+00
   3.5837338e+00   4.9985427e+00
   3.3150326e+00   7.1383263e+00
   4.2621605e+00   5.9760484e+00
   3.7687143e+00   4.6361677e+00
   2.5144831e+00   7.2363162e+00
   4.5803232e+00   5.8459247e+00
   3.6360486e+00   5.2047934e+00
   3.3999700e+00   5.4184274e+00
   3.1482039e+00   5.5023360e+00
   4.7938880e+00   6.9374280e+00
   3.8910702e+00   4.8442726e+00
   2.4471870e+00   6.4692239e+00
   6.1707944e+00   7.0044114e+00
   3.6583038e+00   5.1401574e+00
   4.2710579e+00   6.3343865e+00
   4.3548271e+00   4.3465308e+00
   2.6934742e+00   6.6968786e+00
   5.2211425e+00   4.8777906e+00
   4.2511174e+00   6.8063633e+00
   4.1436536e+00   6.4335651e+00
   5.3506400e+00   5.5886000e+00
   4.1590951e+00   4.5201318e+00
   2.2777151e+00   7.3315868e+00
   3.9839402e+00   6.1527028e+00
   5.1669934e+00   7.6772992e+00
   5.2126328e+00   6.0085651e+00
   4.2646760e+00   4.2216148e+00
   2.3065266e+00   7.6900666e+00
   5.0964422e+00   5.7086113e+00
   3.9426155e+00   6.9244002e+00
   4.1918928e+00   5.2777597e+00
   5.2812723e+00   6.6118346e+00
   4.4027568e+00   6.8349885e+00
   2.7778875e-01   7.0130861e+00
   2.3362636e+00   6.4990489e+00
   3.1719915e+00   5.9591891e+00
   2.7087070e+00   6.1444777e+00
   4.1534641e+00   6.3023450e+00
   4.1519597e+00   5.2615383e+00
   3.3068868e+00   6.5504232e+00
   5.1694576e+00   4.9355256e+00
   3.2119175e+00   4.0946222e+00
   3.6544070e+00   6.1665657e+00
   3.3326221e+00   6.1977318e+00
   3.1035367e+00   6.2207363e+00
   4.0546171e+00   7.7728439e+00
   2.6058439e+00   7.2328825e+00
   3.6878083e+00   7.8637930e+00
   4.8303244e+00   6.2203506e+00
   4.8137802e+00   6.9086355e+00
   2.0539231e+00   5.4088298e+00
   4.4067192e+00   5.7690201e+00
   3.5420160e+00   4.2522305e+00
   4.4505363e+00   6.0698322e+00
   4.1721185e+00   6.9269809e+00
   3.6839198e+00   4.9418240e+00
   3.9866837e+00   5.7775154e+00
   4.6079024e+00   5.2759186e+00
   4.7260247e+00   5.1915917e+00
   3.2503108e+00   6.9023935e+00
   2.6726467e+00   6.0672671e+00
   3.5809477e+00   6.7395932e+00
   5.0199973e+00   6.3967753e+00
   4.3428125e+00   6.9357915e+00
   4.3939992e+00   3.7427960e+00
   3.5574668e+00   4.9778771e+00
   3.2343402e+00   5.8281152e+00
   6.0770325e+00   6.3479121e+00
   3.8948350e+00   7.1484325e+00
   3.9667525e+00   5.3603763e+00
   3.7263032e+00   5.3950526e+00
   4.0697149e+00   5.7148450e+00
   3.6804903e+00   6.6952205e+00
   2.9557830e+00   6.1064348e+00
   4.4929427e+00   7.1257017e+00
   5.4397887e+00   5.2280681e+00
   4.1848688e+00   6.4111336e+00
   3.2558509e+00   6.3871884e+00
   4.0564282e+00   4.3559922e+00
   5.0203035e+00   6.2963888e+00
   5.7831433e+00   7.7396937e+00
   2.5947563e+00   4.8022148e+00
   4.1140099e+00   5.3629187e+00
   3.5667160e+00   4.9832421e+00
   4.5446016e+00   7.1290680e+00
   4.1689165e+00   5.4434859e+00
   3.4113718e+00   6.7513580e+00
   2.1928118e+00   4.3552402e+00
   2.7858247e+00   4.1774478e+00
   3.3935996e+00   6.9973558e+00
   3.7262978e+00   6.5933063e+00
   5.1757431e+00   6.2800742e+00
   3.4054280e+00   6.9670676e+00
   4.3720339e+00   6.0675910e+00
   4.9058236e+00   6.1399052e+00
   4.2316630e+00   5.1251077e+00
   4.0847980e+00   6.0095056e+00
   3.3894526e+00   4.8996827e+00
   4.8413196e+00   5.1093002e+00
   5.6286173e+00   5.5227680e+00
   4.4755380e+00   6.1387354e+00
   4.3073142e+00   7.6028349e+00
   4.2353698e+00   6.3775300e+00
   5.0340385e+00   6.4061449e+00
   3.6691025e+00   6.5432794e+00
   3.4878070e+00   7.2036678e+00
   4.5318638e+00   6.5804189e+00
   3.6935187e+00   6.0636724e+00
   4.8918237e+00   5.5669573e+00
   2.5361312e+00   6.5972201e+00
   5.3263660e+00   4.3164828e+00
   3.2693809e+00   6.0417329e+00
   4.2385494e+00   6.9432444e+00
   3.5321207e+00   5.7720482e+00
   4.7135706e+00   6.5768192e+00
   2.5825037e+00   6.1724303e+00
   2.9327063e+00   6.5850283e+00
   5.6323797e+00   5.5065327e+00
   3.0246110e+00   7.6712621e+00
   3.3016384e+00   6.3966109e+00
   4.0623171e+00   6.1410097e+00
   3.2012950e+00   4.8094014e+00
   4.1467067e+00   5.8068513e+00
   5.1759261e+00   4.5543942e+00
   4.0686840e+00   5.7114125e+00
   5.7261864e+00   4.7708596e+00
   2.5502598e+00   5.9360342e+00
   3.7153571e+00   6.1522069e+00
   3.1259584e+00   5.5154539e+00
   4.3685002e+00   7.6328978e+00
   2.7383315e+00   7.3688955e+00
   2.2404055e+00   7.4139008e+00
   3.6064669e+00   6.5907286e+00
   2.1849625e+00   6.7800021e+00
   3.1018949e+00   5.3427558e+00
   3.4526978e+00   6.1318143e+00
   2.3296079e+00   4.8775828e+00
   4.5639194e+00   6.2398464e+00
   4.3056124e+00   7.1421561e+00
   3.3728513e+00   4.8991334e+00
   2.6076608e+00   5.7911175e+00
   3.7247044e+00   4.5339186e+00
   3.8321499e+00   6.6062810e+00
   1.8270528e+00   7.2308294e+00
   5.3074175e+00   7.1434517e+00
   4.4355297e+00   4.9743343e+00
   2.2464541e+00   5.2909652e+00
   5.9780795e+00   5.8978415e+00
   3.8464534e+00   5.6048766e+00
   2.5266093e+00   5.4724457e+00
   3.0739553e+00   3.4754651e+00
   4.2627072e+00   6.6366767e+00
   2.5602054e+00   5.7655778e+00
   3.5264556e+00   6.6933614e+00
   3.8984942e+00   6.2645286e+00
   3.5750307e+00   3.0214560e+00
   4.2036669e+00   5.6986869e+00
   3.2879865e+00   6.7860850e+00
   3.7494838e+00   7.0451655e+00
   4.1907274e+00   5.6827809e+00
   1.7799131e+00   6.5205156e+00
   2.0817930e+00   6.2379811e+00
   2.9329216e+00   6.9218744e+00
   4.0798538e+00   7.9636041e+00
   4.2027947e+00   5.0885647e+00
   3.2688785e+00   8.0999365e+00
   5.3124335e+00   6.2144641e+00
   5.1330043e+00   5.2009654e+00
   3.8228935e+00   5.1896604e+00
   7.3255358e+00   6.1177683e+00
   3.6346900e+00   6.1380229e+00
   4.9833925e+00   6.4109113e+00
   3.9369784e+00   6.8270067e+00
   2.2751481e+00   6.3615931e+00
   5.8798344e+00   4.9754900e+00
   2.9364485e+00   5.3098409e+00
   4.0737311e+00   5.2411114e+00
   5.9208149e+00   5.4095473e+00
   4.6427312e+00   6.3551529e+00
   4.3709967e+00   6.3407157e+00
   3.8545802e+00   5.7724618e+00
   4.2452019e+00   5.0011640e+00
   5.8901680e+00   5.6741504e+00
   3.5390400e+00   6.5970476e+00
   3.7784610e+00   5.8703940e+00
   3.5444218e+00   7.4403398e+00
   3.5879506e+00   5.1816065e+00
   3.8275184e+00   6.2941792e+00
   4.6188741e+00   7.1513721e+00
   4.0882095e+00   5.1397347e+00
   3.2392798e+00   5.9439049e+00
   5.6519615e+00   4.7852530e+00
   3.1304303e+00   5.0688965e+00
   3.6695634e+00   4.5527135e+00
   4.0800974e+00   5.0652510e+00
   2.3177948e+00   6.3676312e+00
   2.9909183e+00   5.7598489e+00
   2.7063381e+00   6.5830396e+00
   1.3357030e+00   7.0277400e+00
   6.1330000e+00   6.3625569e+00
   3.2696466e+00   6.7754810e+00
   4.8400595e+00   6.7549817e+00
   4.0171941e+00   8.3573185e+00
   3.0058617e+00   6.7572044e+00
   3.9596102e+00   4.5080012e+00
   4.4047446e+00   6.2957686e+00
   2.8571864e+00   6.6674101e+00
   8.9426560e+00   7.2498687e+00
   8.8171386e+00   6.0344474e+00
   7.5080939e+00   6.8342543e+00
   8.0276915e+00   7.0456788e+00
   8.3451955e+00   8.7095552e+00
   8.2157370e+00   7.3704364e+00
   1.0028995e+01   6.3435469e+00
   6.3954827e+00   7.8313831e+00
   8.8556789e+00   7.8760009e+00
   9.1864236e+00   7.1383080e+00
   7.4094009e+00   9.2422314e+00
   8.4956559e+00   6.8332333e+00
   7.9109983e+00   6.5409536e+00
   6.9665727e+00   7.5461935e+00
   8.1006723e+00   5.6976972e+00
   9.6681333e+00   6.5884760e+00
   7.6008529e+00   6.4599223e+00
   8.6275198e+00   8.3664699e+00
   6.8786605e+00   7.7068492e+00
   7.0783409e+00   7.6075702e+00
   6.7609545e+00   7.9198154e+00
   6.5653157e+00   7.8993933e+00
   7.0574754e+00   7.0327174e+00
   7.1003570e+00   5.5841430e+00
   7.5579365e+00   5.3191398e+00
   6.3564618e+00   7.0377812e+00
   7.4931467e+00   8.6634625e+00
   7.2250813e+00   7.8309997e+00
   7.2062680e+00   8.0476546e+00
   7.6831638e+00   8.7938176e+00
   9.1717675e+00   6.5148782e+00
   7.9952021e+00   6.3663709e+00
   8.4210278e+00   8.1019004e+00
   9.5854972e+00   6.2829788e+00
   8.6846024e+00   9.2000215e+00
   8.1293869e+00   7.8906168e+00
   9.0860172e+00   6.3645682e+00
   1.0229873e+01   6.6264973e+00
   7.4830353e+00   7.5218764e+00
   8.8483729e+00   7.7128994e+00
   7.1860059e+00   8.1684062e+00
   6.7515348e+00   7.3399682e+00
   7.3225910e+00   5.9852702e+00
   7.9262680e+00   7.0931455e+00
   6.0382688e+00   5.4637947e+00
   6.4014053e+00   7.5762177e+00
   7.9429339e+00   7.5720621e+00
   8.6005636e+00   7.1466801e+00
   8.7854527e+00   6.0742765e+00
   8.4373403e+00   8.2731406e+00
   7.8201953e+00   7.9879209e+00
   8.5300158e+00   6.2881382e+00
   1.0492850e+01   5.6656969e+00
   9.9768147e+00   8.0042367e+00
   7.9406186e+00   7.6085107e+00
   9.4144322e+00   7.0359244e+00
   7.3794162e+00   7.2553501e+00
   8.3508016e+00   7.6971622e+00
   8.1444227e+00   6.5688206e+00
   8.7632972e+00   8.5539132e+00
   6.7850615e+00   7.3466508e+00
   8.6242570e+00   6.2335149e+00
   8.1686262e+00   6.5065478e+00
   8.3287586e+00   8.5045367e+00
   6.9713885e+00   6.3501433e+00
   7.6064237e+00   5.9395131e+00
   6.4558596e+00   8.1547268e+00
   7.2661374e+00   7.3192570e+00
   7.0301001e+00   9.2035285e+00
   7.6503731e+00   6.7320932e+00
   8.1692413e+00   7.6380547e+00
   8.8479587e+00   6.9806308e+00
   6.9309372e+00   7.4322552e+00
   8.2936222e+00   5.4102588e+00
   9.0864856e+00   7.2496505e+00
   8.9613152e+00   7.7631092e+00
   6.4055536e+00   6.9942677e+00
   8.7320180e+00   6.6403102e+00
   7.8312330e+00   7.0259045e+00
   9.3814077e+00   4.9107430e+00
   8.9293021e+00   8.2418683e+00
   7.6511543e+00   7.3421426e+00
   8.2694225e+00   7.5505928e+00
   8.5108515e+00   7.6547007e+00
   5.5388215e+00   7.2868112e+00
   7.3860118e+00   8.4183576e+00
   7.6045531e+00   5.8810682e+00
   6.8552463e+00   6.9253123e+00
   5.7676317e+00   8.0841195e+00
   8.8400375e+00   6.9854504e+00
   7.3862140e+00   7.6429255e+00
   9.1721593e+00   5.3801308e+00
   7.0417596e+00   7.3487475e+00
   8.9531258e+00   8.0834135e+00
   8.7034466e+00   4.7598801e+00
   8.5598950e+00   6.7643557e+00
   6.9620021e+00   5.7468287e+00
   7.8216844e+00   5.9698039e+00
   7.5300615e+00   7.5928357e+00
   7.0401133e+00   8.0902526e+00
   7.5549747e+00   6.7905386e+00
   6.3788263e+00   6.4807788e+00
   7.8426056e+00   8.8022461e+00
   7.8025417e+00   6.9138748e+00
   7.1686325e+00   7.3806104e+00
   8.6373339e+00   6.6520745e+00
   6.9514013e+00   7.5073297e+00
   7.7518168e+00   5.7778325e+00
   8.5249132e+00   7.0215643e+00
   8.2132239e+00   6.1142917e+00
   5.6026230e+00   6.8083772e+00
   7.2275812e+00   7.6895146e+00
   7.5938967e+00   8.9593320e+00
   7.4466803e+00   6.5479586e+00
   6.6470340e+00   7.5332546e+00
   7.9568838e+00   6.5429446e+00
   7.8323692e+00   7.0894461e+00
   9.2795931e+00   9.7825861e+00
   8.1122191e+00   7.1813291e+00
   8.7054814e+00   6.4030548e+00
   7.8696030e+00   8.0022244e+00
   6.1745356e+00   7.9248121e+00
   6.5267206e+00   5.4783205e+00
   7.2485961e+00   6.3599147e+00
   7.5662701e+00   6.5519848e+00
   8.5763510e+00   6.7463333e+00
   7.1655438e+00   7.1049093e+00
   7.3712046e+00   6.4396383e+00
   8.2558518e+00   7.4334416e+00
   7.4379504e+00   7.4707564e+00
   6.7715801e+00   6.1574295e+00
   7.4459591e+00   7.3759190e+00
   7.3197244e+00   5.8781435e+00
   8.6911646e+00   7.8248896e+00
   8.2219381e+00   6.7861532e+00
   8.5459311e+00   7.7200252e+00
   7.5402530e+00   6.0065317e+00
   1.0116713e+01   7.7818648e+00
   8.1091015e+00   6.7237328e+00
   7.0801740e+00   6.9273587e+00
   6.6763940e+00   6.7282763e+00
   8.0986502e+00   7.6712410e+00
   7.5933600e+00   8.8027197e+00
   6.6481082e+00   7.8960985e+00
   7.5301848e+00   7.0294499e+00
   6.3719892e+00   6.2524238e+00
   8.6824172e+00   7.0840472e+00
   9.9437084e+00   6.0023804e+00
   8.7402380e+00   6.9126428e+00
   7.6768228e+00   7.9420729e+00
   9.3596459e+00   6.9125015e+00
   8.2910303e+00   8.1927760e+00
   5.7810053e+00   6.5018318e+00
   7.8553727e+00   7.4375463e+00
   8.0787001e+00   7.3300442e+00
   8.5622181e+00   5.5998581e+00
   7.8357242e+00   6.4781189e+00
   9.1737032e+00   8.0049184e+00
   6.6716049e+00   5.8622106e+00
   1.0459213e+01   6.8467520e+00
   9.3522048e+00   6.0257507e+00
   7.7532267e+00   6.0204988e+00
   8.2880167e+00   6.0785479e+00
   7.1273259e+00   7.8231384e+00
   7.0692443e+00   7.0065651e+00
   8.0761554e+00   7.3741328e+00
   8.9856645e+00   6.4448048e+00
   8.9258416e+00   6.8753615e+00
   1.0131500e+01   7.8369743e+00
   7.6741671e+00   5.7125238e+00
   7.7769865e+00   6.2414872e+00
   5.2656987e+00   8.0205771e+00
   7.6914517e+00   8.6944274e+00
   8.1461083e+00   6.1368117e+00
   8.0377327e+00   7.4392806e+00
   7.3523534e+00   5.7531220e+00
   6.7125930e+00   7.6577018e+00
   7.5889844e+00   7.1331278e+00
   1.0200545e+01   5.9862099e+00
   7.0709529e+00   7.5089666e+00
   8.0026644e+00   8.2645010e+00
   6.8423782e+00   6.8423950e+00
   9.1645313e+00   6.1013688e+00
   8.7864360e+00   5.8820337e+00
   8.1603417e+00   5.7581166e+00
   7.9524614e+00   7.3984553e+00
   9.4788748e+00   7.3393931e+00
   8.5777708e+00   6.2164229e+00
   7.9964682e+00   7.7540285e+00
   8.1366650e+00   5.9344163e+00
   9.5389838e+00   8.4873628e+00
   8.4948384e+00   4.8722676e+00
   8.2688596e+00   6.7262256e+00
   8.5685727e+00   7.7533096e+00
   7.9014090e+00   7.0122751e+00
   7.0127770e+00   7.0490701e+00
   8.3676080e+00   6.4914798e+00
   6.3777003e+00   8.9652575e+00
   7.3058523e+00   6.5396649e+00
   9.0579424e+00   7.6979982e+00
   7.3054217e+00   8.2112566e+00
   8.2701127e+00   6.6602409e+00
   7.7847306e+00   8.4486456e+00
   8.2774568e+00   7.4439106e+00
   8.4235998e+00   5.5121976e+00
   7.4990766e+00   6.5287243e+00
   5.8754324e+00   6.8547849e+00
   9.0211527e+00   7.6379232e+00
   7.4420799e+00   7.7127072e+00
   8.2848033e+00   7.6970642e+00
   8.9695650e+00   5.5530012e+00
   6.9175988e+00   5.4742479e+00
   9.2561678e+00   8.3455117e+00
   8.7411656e+00   7.8234466e+00
   8.1223801e+00   7.4121845e+00
   7.6412100e+00   8.5461898e+00
   9.2051950e+00   8.8469487e+00
   8.4457834e+00   6.2277040e+00
   8.5323352e+00   7.0419028e+00
   1.0692884e+01   7.4310674e+00
   8.5546373e+00   7.1203654e+00
   9.1765185e+00   7.2028053e+00
   7.9493158e+00   7.1941547e+00
   9.8022655e+00   8.0865713e+00
   7.9049025e+00   4.2512764e+00
   7.0050061e+00   6.9941082e+00
   7.9833569e+00   6.7495670e+00
   6.2839530e+00   6.5312960e+00
   9.2575957e+00   7.1440094e+00
   6.8158442e+00   7.5342110e+00
   8.2816450e+00   6.7150596e+00
   8.9143495e+00   7.0181335e+00
   8.4827477e+00   5.3500822e+00
   8.3735506e+00   5.8857091e+00
   7.1355236e+00   6.6266893e+00
   7.9449495e+00   6.8296190e+00
   8.9304011e+00   5.9330229e+00
   7.2364192e+00   5.8193557e+00
   6.7643022e+00   7.6129168e+00
   7.3013332e+00   7.1348287e+00
   8.8544410e+00   8.3769033e+00
   7.7254344e+00   7.5457388e+00
   8.2228711e+00   5.8343641e+00
   6.2551655e+00   4.7814267e+00
   7.2273687e+00   7.1392367e+00
   7.3005195e+00   6.7728584e+00
   6.7340696e+00   7.5545595e+00
   9.1739685e+00   7.9139722e+00
   9.0398944e+00   6.7998166e+00
   6.4327834e+00   7.1487870e+00
